{
 "cells": [
  {
   "cell_type": "markdown",
   "id": "5600a0aa-c019-424b-a725-cc09962ff3bf",
   "metadata": {},
   "source": [
    "# Comparison of control gain 'K' and cost matrix 'P' for different state-mpl for same actuator set 'B'"
   ]
  },
  {
   "cell_type": "code",
   "execution_count": 1,
   "id": "fcf48fd3-49de-4744-b171-18313ad65507",
   "metadata": {},
   "outputs": [],
   "source": [
    "import numpy as np\n",
    "from copy import deepcopy as dc\n",
    "\n",
    "from functionfile_system_definition import sys_from_file, system_display_matrix\n",
    "from functionfile_system_mplcost import cost_function_1, initial_values_init, actuator_selection_cost_1, plot_actuator_selection_1, simulation_actuator_selection, plot_simulation"
   ]
  },
  {
   "cell_type": "code",
   "execution_count": 2,
   "id": "91097cb4-1054-4b28-ac6b-485637273ffe",
   "metadata": {},
   "outputs": [],
   "source": [
    "sys_model = 'System Model 1' # Comparing A and B"
   ]
  },
  {
   "cell_type": "markdown",
   "id": "8ea69214-6923-4f19-85f1-453a13dd81c8",
   "metadata": {
    "tags": []
   },
   "source": [
    "### Model A"
   ]
  },
  {
   "cell_type": "markdown",
   "id": "eea86a4f-6d3c-4808-8953-b8e133e00715",
   "metadata": {
    "tags": []
   },
   "source": [
    "##### Code"
   ]
  },
  {
   "cell_type": "code",
   "execution_count": 3,
   "id": "cd631126-f827-458f-bbbd-f4bafad7f2a5",
   "metadata": {
    "tags": []
   },
   "outputs": [
    {
     "name": "stdout",
     "output_type": "stream",
     "text": [
      "System read from file @ system_model/System Model 1A.pickle \n",
      "\n"
     ]
    }
   ],
   "source": [
    "S_A = sys_from_file(sys_model+'A')\n",
    "initial_values = initial_values_init(S_A)"
   ]
  },
  {
   "cell_type": "code",
   "execution_count": 4,
   "id": "fdfcaeb9-3968-4d7c-ad21-5afe8f24ec5a",
   "metadata": {},
   "outputs": [],
   "source": [
    "ret1_A = cost_function_1(S_A, initial_values)"
   ]
  },
  {
   "cell_type": "markdown",
   "id": "6c06a1f1-bbc6-4d46-9cd9-edd22280fead",
   "metadata": {
    "tags": []
   },
   "source": [
    "##### Output"
   ]
  },
  {
   "cell_type": "code",
   "execution_count": 5,
   "id": "ac1c51c1-c0e7-44aa-8f69-459a488f2225",
   "metadata": {},
   "outputs": [
    {
     "name": "stdout",
     "output_type": "stream",
     "text": [
      "\n",
      " P_mat:\n",
      " [[1.1118763  0.10754476 0.06141443 0.01110565 0.0048541  0.00360018\n",
      "  0.01565295 0.02715497]\n",
      " [0.10754476 1.16100952 0.11738111 0.06502529 0.01192731 0.0051066\n",
      "  0.00367546 0.01565295]\n",
      " [0.06141443 0.11738111 1.16426544 0.11816916 0.06526847 0.01198543\n",
      "  0.0051066  0.00360018]\n",
      " [0.01110565 0.06502529 0.11816916 1.16449252 0.11822423 0.06526847\n",
      "  0.01192731 0.0048541 ]\n",
      " [0.0048541  0.01192731 0.06526847 0.11822423 1.16449252 0.11816916\n",
      "  0.06502529 0.01110565]\n",
      " [0.00360018 0.0051066  0.01198543 0.06526847 0.11816916 1.16426544\n",
      "  0.11738111 0.06141443]\n",
      " [0.01565295 0.00367546 0.0051066  0.01192731 0.06502529 0.11738111\n",
      "  1.16100952 0.10754476]\n",
      " [0.02715497 0.01565295 0.00360018 0.0048541  0.01110565 0.06141443\n",
      "  0.10754476 1.1118763 ]]\n",
      "\n",
      " Gain K:\n",
      " [[0. 0. 0. 0. 0. 0. 0. 0.]\n",
      " [0. 0. 0. 0. 0. 0. 0. 0.]\n",
      " [0. 0. 0. 0. 0. 0. 0. 0.]\n",
      " [0. 0. 0. 0. 0. 0. 0. 0.]\n",
      " [0. 0. 0. 0. 0. 0. 0. 0.]\n",
      " [0. 0. 0. 0. 0. 0. 0. 0.]\n",
      " [0. 0. 0. 0. 0. 0. 0. 0.]\n",
      " [0. 0. 0. 0. 0. 0. 0. 0.]]\n"
     ]
    }
   ],
   "source": [
    "print('\\n P_mat:\\n', ret1_A['P_mat'])\n",
    "print('\\n Gain K:\\n', ret1_A['K'])"
   ]
  },
  {
   "cell_type": "markdown",
   "id": "b914d1c6-6e9a-4736-beb0-367e47a5b323",
   "metadata": {
    "tags": []
   },
   "source": [
    "### Model B"
   ]
  },
  {
   "cell_type": "markdown",
   "id": "9b7e56ea-4794-442d-914d-ebf20a42c62e",
   "metadata": {
    "tags": []
   },
   "source": [
    "##### Code"
   ]
  },
  {
   "cell_type": "code",
   "execution_count": 6,
   "id": "c8e25cba-0e9d-4ca5-b451-cfdf4a0e19dd",
   "metadata": {
    "tags": []
   },
   "outputs": [
    {
     "name": "stdout",
     "output_type": "stream",
     "text": [
      "System read from file @ system_model/System Model 1B.pickle \n",
      "\n"
     ]
    }
   ],
   "source": [
    "S_B = sys_from_file(sys_model+'B')\n",
    "initial_values = initial_values_init(S_B)"
   ]
  },
  {
   "cell_type": "code",
   "execution_count": 7,
   "id": "ef637fca-63bc-4fcb-8f5c-a58bdb64f3f8",
   "metadata": {},
   "outputs": [],
   "source": [
    "ret1_B = cost_function_1(S_B, initial_values)"
   ]
  },
  {
   "cell_type": "markdown",
   "id": "72be05b3-f6ec-4f8d-aa77-f5e18a96a413",
   "metadata": {},
   "source": [
    "##### Output"
   ]
  },
  {
   "cell_type": "code",
   "execution_count": 8,
   "id": "3508089e-c818-4de7-8837-a12bad385b5c",
   "metadata": {},
   "outputs": [
    {
     "name": "stdout",
     "output_type": "stream",
     "text": [
      "\n",
      " P_mat:\n",
      " [[1.15709671 0.14258466 0.07137969 0.01512384 0.00611884 0.00456886\n",
      "  0.01746313 0.04111717]\n",
      " [0.14258466 1.20699613 0.15010747 0.07405881 0.0154629  0.00626201\n",
      "  0.00509536 0.01890207]\n",
      " [0.07137969 0.15010747 1.20175283 0.14464523 0.0722733  0.01470201\n",
      "  0.00608177 0.00507112]\n",
      " [0.01512384 0.07405881 0.14464523 1.19302664 0.13834764 0.07029696\n",
      "  0.01382825 0.00558033]\n",
      " [0.00611884 0.0154629  0.0722733  0.13834764 1.18476283 0.13220876\n",
      "  0.06822336 0.01220876]\n",
      " [0.00456886 0.00626201 0.01470201 0.07029696 0.13220876 1.17704169\n",
      "  0.1256117  0.06293284]\n",
      " [0.01746313 0.00509536 0.00608177 0.01382825 0.06822336 0.1256117\n",
      "  1.16708509 0.11048604]\n",
      " [0.04111717 0.01890207 0.00507112 0.00558033 0.01220876 0.06293284\n",
      "  0.11048604 1.11317632]]\n",
      "\n",
      " Gain K:\n",
      " [[0. 0. 0. 0. 0. 0. 0. 0.]\n",
      " [0. 0. 0. 0. 0. 0. 0. 0.]\n",
      " [0. 0. 0. 0. 0. 0. 0. 0.]\n",
      " [0. 0. 0. 0. 0. 0. 0. 0.]\n",
      " [0. 0. 0. 0. 0. 0. 0. 0.]\n",
      " [0. 0. 0. 0. 0. 0. 0. 0.]\n",
      " [0. 0. 0. 0. 0. 0. 0. 0.]\n",
      " [0. 0. 0. 0. 0. 0. 0. 0.]]\n"
     ]
    }
   ],
   "source": [
    "print('\\n P_mat:\\n', ret1_B['P_mat'])\n",
    "print('\\n Gain K:\\n', ret1_B['K'])"
   ]
  },
  {
   "cell_type": "markdown",
   "id": "53e89057-7a4f-40c2-a70e-43853c32573c",
   "metadata": {
    "tags": []
   },
   "source": [
    "### Comparison"
   ]
  },
  {
   "cell_type": "code",
   "execution_count": 9,
   "id": "519754ef-6235-4efd-9b45-fe80e25858f2",
   "metadata": {},
   "outputs": [
    {
     "name": "stdout",
     "output_type": "stream",
     "text": [
      "Cost matrices are different\n",
      "Both gains are close/equal\n"
     ]
    }
   ],
   "source": [
    "if np.allclose(ret1_A['P_mat'], ret1_B['P_mat']):\n",
    "    print('Both cost matrices are close/equal')\n",
    "else:\n",
    "    print('Cost matrices are different')\n",
    "\n",
    "if np.allclose(ret1_A['K'], ret1_B['K']):\n",
    "    print('Both gains are close/equal')\n",
    "else:\n",
    "    print('Gains are different')\n"
   ]
  },
  {
   "cell_type": "code",
   "execution_count": null,
   "id": "987dcdbd-588b-4984-8cf4-23cc5160ffd0",
   "metadata": {},
   "outputs": [],
   "source": []
  }
 ],
 "metadata": {
  "kernelspec": {
   "display_name": "Python 3",
   "language": "python",
   "name": "python3"
  },
  "language_info": {
   "codemirror_mode": {
    "name": "ipython",
    "version": 3
   },
   "file_extension": ".py",
   "mimetype": "text/x-python",
   "name": "python",
   "nbconvert_exporter": "python",
   "pygments_lexer": "ipython3",
   "version": "3.9.6"
  }
 },
 "nbformat": 4,
 "nbformat_minor": 5
}
