{
 "cells": [
  {
   "cell_type": "markdown",
   "id": "b8884add-8cba-4cce-9ef8-fefe3ca7a214",
   "metadata": {},
   "source": [
    "# Model and Code Test"
   ]
  },
  {
   "cell_type": "code",
   "execution_count": 1,
   "id": "f0b0ea71-696b-4c8d-bca0-a0f807e1b042",
   "metadata": {},
   "outputs": [],
   "source": [
    "import numpy as np\n",
    "from copy import deepcopy as dc\n",
    "\n",
    "from functionfile_system_definition import sys_from_file\n",
    "from functionfile_system_mplcost import cost_function_1, initial_values_init, actuator_selection_cost_1"
   ]
  },
  {
   "cell_type": "code",
   "execution_count": 2,
   "id": "ee35a5f9-1ccb-47cd-ae2e-0d6dd03db657",
   "metadata": {},
   "outputs": [
    {
     "name": "stdout",
     "output_type": "stream",
     "text": [
      "System read from file @ system_model/System Model 1.pickle \n",
      "\n"
     ]
    }
   ],
   "source": [
    "sys_model = 'System Model 1'\n",
    "S = sys_from_file(sys_model)"
   ]
  },
  {
   "cell_type": "code",
   "execution_count": 3,
   "id": "f8d2ef1f-1bcc-4abb-b7d3-1220c842e734",
   "metadata": {},
   "outputs": [
    {
     "name": "stdout",
     "output_type": "stream",
     "text": [
      "{'P_mat': array([[2.82321476, 1.69433889, 1.31304415, 0.800965  , 0.39998849,\n",
      "        0.13862428, 0.05450024, 0.28387654, 0.82111475, 1.42681299],\n",
      "       [1.69433889, 2.96182497, 1.68653785, 1.17478654, 0.55744372,\n",
      "        0.19828312, 0.04396243, 0.21604757, 0.58041712, 1.189686  ],\n",
      "       [1.31304415, 1.68653785, 2.80667723, 1.40176889, 0.78466847,\n",
      "        0.25172871, 0.03945679, 0.14414771, 0.41231943, 0.80730565],\n",
      "       [0.800965  , 1.17478654, 1.40176889, 2.38825429, 0.87755646,\n",
      "        0.38423592, 0.03987442, 0.09198935, 0.25474849, 0.51489705],\n",
      "       [0.39998849, 0.55744372, 0.78466847, 0.87755646, 1.7009748 ,\n",
      "        0.35229371, 0.07631333, 0.05314962, 0.12591859, 0.2503981 ],\n",
      "       [0.13862428, 0.19828312, 0.25172871, 0.38423592, 0.35229371,\n",
      "        1.39930845, 0.21750515, 0.18296382, 0.06555719, 0.09774519],\n",
      "       [0.05450024, 0.04396243, 0.03945679, 0.03987442, 0.07631333,\n",
      "        0.21750515, 1.28150118, 0.26193809, 0.13113803, 0.06927811],\n",
      "       [0.28387654, 0.21604757, 0.14414771, 0.09198935, 0.05314962,\n",
      "        0.18296382, 0.26193809, 1.47088244, 0.42954019, 0.43274625],\n",
      "       [0.82111475, 0.58041712, 0.41231943, 0.25474849, 0.12591859,\n",
      "        0.06555719, 0.13113803, 0.42954019, 1.78231375, 0.92847684],\n",
      "       [1.42681299, 1.189686  , 0.80730565, 0.51489705, 0.2503981 ,\n",
      "        0.09774519, 0.06927811, 0.43274625, 0.92847684, 2.42520621]]), 'J_trend': [10.0, 18.83333333333332, 25.732423383981416, 31.354306859831006, 36.13760786153347, 40.2792881443607, 43.87972822989687, 47.005819708778475, 49.71215060522534, 52.04746480705404, 54.0563781828513, 55.77969429036642, 57.25440652982602, 58.51371539839711, 59.58713610837913, 60.50069150391994, 61.2771645882162, 61.9363842738338, 62.495523052548805, 62.96939120231367, 63.37071731557447, 63.71040897406255, 63.99779036558786, 64.24081572087971, 64.44625884190447, 64.61987987357519, 64.76657098181336, 64.89048285384192, 64.99513401499226, 65.08350492140264, 65.15811868355628, 65.2211101322616, 65.27428477727703, 65.31916904311228, 65.35705300534254, 65.38902669926479, 65.41601093370619, 65.43878341743806, 65.45800089408996, 65.47421788317163, 65.48790253890186, 65.49945006392517, 65.50919405051025, 65.51741606632397, 65.52435375426637, 65.53020767512635, 65.53514708705896, 65.53931482627371, 65.5428314281375, 65.54579860650058, 65.54830219090003, 65.55041460590444, 65.55219696382531, 65.55370083098332, 65.55496971837766, 65.55604033970818, 65.55694367302152, 65.55770585660883, 65.55834894501291, 65.55889154697493, 65.55934936374743, 65.55973564332754, 65.56006156373809, 65.56033655643583], 't': 64, 'P_check': 0, 'K': array([[-0.1210363 , -0.07980784, -0.0505206 , -0.0263712 , -0.01662465,\n",
      "        -0.04189856, -0.23674764, -0.28770833, -0.31248421, -0.15178159],\n",
      "       [-0.03231148, -0.04780953, -0.0707729 , -0.0854507 , -0.18662169,\n",
      "        -0.17077352, -0.14652953, -0.02703664, -0.0153342 , -0.01918374],\n",
      "       [-0.03231148, -0.04780953, -0.0707729 , -0.0854507 , -0.18662169,\n",
      "        -0.17077352, -0.14652953, -0.02703664, -0.0153342 , -0.01918374],\n",
      "       [ 0.        ,  0.        ,  0.        ,  0.        ,  0.        ,\n",
      "         0.        ,  0.        ,  0.        ,  0.        ,  0.        ],\n",
      "       [ 0.        ,  0.        ,  0.        ,  0.        ,  0.        ,\n",
      "         0.        ,  0.        ,  0.        ,  0.        ,  0.        ],\n",
      "       [ 0.        ,  0.        ,  0.        ,  0.        ,  0.        ,\n",
      "         0.        ,  0.        ,  0.        ,  0.        ,  0.        ],\n",
      "       [ 0.        ,  0.        ,  0.        ,  0.        ,  0.        ,\n",
      "         0.        ,  0.        ,  0.        ,  0.        ,  0.        ],\n",
      "       [ 0.        ,  0.        ,  0.        ,  0.        ,  0.        ,\n",
      "         0.        ,  0.        ,  0.        ,  0.        ,  0.        ],\n",
      "       [ 0.        ,  0.        ,  0.        ,  0.        ,  0.        ,\n",
      "         0.        ,  0.        ,  0.        ,  0.        ,  0.        ],\n",
      "       [ 0.        ,  0.        ,  0.        ,  0.        ,  0.        ,\n",
      "         0.        ,  0.        ,  0.        ,  0.        ,  0.        ]])}\n"
     ]
    }
   ],
   "source": [
    "ret1 = cost_function_1(S)\n",
    "print(ret1)"
   ]
  },
  {
   "cell_type": "code",
   "execution_count": 4,
   "id": "145957cf-5171-40a8-af01-3570ba0e4025",
   "metadata": {},
   "outputs": [],
   "source": [
    "ret2 = actuator_selection_cost_1"
   ]
  }
 ],
 "metadata": {
  "kernelspec": {
   "display_name": "Python 3",
   "language": "python",
   "name": "python3"
  },
  "language_info": {
   "codemirror_mode": {
    "name": "ipython",
    "version": 3
   },
   "file_extension": ".py",
   "mimetype": "text/x-python",
   "name": "python",
   "nbconvert_exporter": "python",
   "pygments_lexer": "ipython3",
   "version": "3.9.6"
  }
 },
 "nbformat": 4,
 "nbformat_minor": 5
}
