{
 "cells": [
  {
   "cell_type": "markdown",
   "id": "b8884add-8cba-4cce-9ef8-fefe3ca7a214",
   "metadata": {},
   "source": [
    "# Model and Code Test"
   ]
  },
  {
   "cell_type": "markdown",
   "id": "2dff0363-bc0c-46f4-986d-bbad17d8ae3c",
   "metadata": {
    "tags": []
   },
   "source": [
    "##### Py Packages"
   ]
  },
  {
   "cell_type": "code",
   "execution_count": 1,
   "id": "f0b0ea71-696b-4c8d-bca0-a0f807e1b042",
   "metadata": {
    "tags": []
   },
   "outputs": [],
   "source": [
    "import numpy as np\n",
    "from copy import deepcopy as dc\n",
    "\n",
    "from functionfile_system_definition import sys_from_file\n",
    "from functionfile_system_mplcost import cost_function_1, initial_values_init, actuator_selection_cost_1"
   ]
  },
  {
   "cell_type": "markdown",
   "id": "aca5dae9-3d07-4198-8be4-325e37b7b836",
   "metadata": {},
   "source": [
    "## Code"
   ]
  },
  {
   "cell_type": "code",
   "execution_count": 2,
   "id": "ee35a5f9-1ccb-47cd-ae2e-0d6dd03db657",
   "metadata": {},
   "outputs": [
    {
     "name": "stdout",
     "output_type": "stream",
     "text": [
      "System read from file @ system_model/System Model 1.pickle \n",
      "\n"
     ]
    }
   ],
   "source": [
    "sys_model = 'System Model 1'\n",
    "S = sys_from_file(sys_model)"
   ]
  },
  {
   "cell_type": "code",
   "execution_count": 3,
   "id": "f8d2ef1f-1bcc-4abb-b7d3-1220c842e734",
   "metadata": {},
   "outputs": [
    {
     "name": "stdout",
     "output_type": "stream",
     "text": [
      "{'P_mat': array([[2.64850052, 1.31305674, 0.76602777, 0.26375758, 0.03948213,\n",
      "        0.02371191, 0.18717046, 0.50522626, 1.0387692 , 1.46184522],\n",
      "       [1.31305674, 2.35048316, 0.89181525, 0.41327401, 0.05168688,\n",
      "        0.01635135, 0.11225979, 0.32539987, 0.63103598, 1.03926712],\n",
      "       [0.76602777, 0.89181525, 1.76207937, 0.40720083, 0.11035213,\n",
      "        0.01561043, 0.05921483, 0.16309065, 0.32732373, 0.50754253],\n",
      "       [0.26375758, 0.41327401, 0.40720083, 1.36582963, 0.16817984,\n",
      "        0.08813429, 0.03708505, 0.06238181, 0.11696695, 0.19071248],\n",
      "       [0.03948213, 0.05168688, 0.11035213, 0.16817984, 1.30163722,\n",
      "        0.24646896, 0.18134861, 0.03248799, 0.02612658, 0.02659443],\n",
      "       [0.02371191, 0.01635135, 0.01561043, 0.08813429, 0.24646896,\n",
      "        1.32019065, 0.27126416, 0.12773983, 0.05877113, 0.03889861],\n",
      "       [0.18717046, 0.11225979, 0.05921483, 0.03708505, 0.18134861,\n",
      "        0.27126416, 1.47263478, 0.42237747, 0.41768798, 0.26147605],\n",
      "       [0.50522626, 0.32539987, 0.16309065, 0.06238181, 0.03248799,\n",
      "        0.12773983, 0.42237747, 1.76325946, 0.89072143, 0.76392146],\n",
      "       [1.0387692 , 0.63103598, 0.32732373, 0.11696695, 0.02612658,\n",
      "        0.05877113, 0.41768798, 0.89072143, 2.35041412, 1.3128779 ],\n",
      "       [1.46184522, 1.03926712, 0.50754253, 0.19071248, 0.02659443,\n",
      "        0.03889861, 0.26147605, 0.76392146, 1.3128779 , 2.64880142]]), 'J_trend': [10.0, 18.499999999999986, 24.7651204117899, 29.59774140584356, 33.524119741769184, 36.7815881399913, 39.49378577977747, 41.74572309009264, 43.60722217458809, 45.139170127518966, 46.39497925566802, 47.42102588008034, 48.25705710437821, 48.93673727399539, 49.488298196614124, 49.93522659326576, 50.29693610451241, 50.58939101599499, 50.8256649668669, 51.0164289482318, 51.17036974830353, 51.29454384085704, 51.39467355193179, 51.47539292338171, 51.54045053698629, 51.59287601017025, 51.635116139807735, 51.6691458849579, 51.69655861751083, 51.71863937064599, 51.73642419564075, 51.75074820173721, 51.76228439799195, 51.77157507311543, 51.77905713058461, 51.78508253289206, 51.78993479226799, 51.793842267986065, 51.79698888578627, 51.799522777316945, 51.80156324198646, 51.80320635619434, 51.80452949223617, 51.805594958492215, 51.80645293155589, 51.80714381789037, 51.807700155913935, 51.80814814788748, 51.80850889361681, 51.80879938398812, 51.80903330107404, 51.809221662458796], 't': 52, 'P_check': 0, 'K': array([[-0.12093479, -0.1510191 , -0.30600955, -0.2583968 , -0.21151752,\n",
      "        -0.02120193, -0.01888349, -0.02502308, -0.05003174, -0.07880688],\n",
      "       [-0.07362409, -0.04501249, -0.02178444, -0.01826015, -0.04601275,\n",
      "        -0.24236699, -0.28863012, -0.3107786 , -0.14796539, -0.11571938],\n",
      "       [-0.00241743, -0.01460369, -0.02374733, -0.20852742, -0.22947926,\n",
      "        -0.22982174, -0.04254219, -0.00843751,  0.00297382,  0.00152279],\n",
      "       [ 0.        ,  0.        ,  0.        ,  0.        ,  0.        ,\n",
      "         0.        ,  0.        ,  0.        ,  0.        ,  0.        ],\n",
      "       [ 0.        ,  0.        ,  0.        ,  0.        ,  0.        ,\n",
      "         0.        ,  0.        ,  0.        ,  0.        ,  0.        ],\n",
      "       [ 0.        ,  0.        ,  0.        ,  0.        ,  0.        ,\n",
      "         0.        ,  0.        ,  0.        ,  0.        ,  0.        ],\n",
      "       [ 0.        ,  0.        ,  0.        ,  0.        ,  0.        ,\n",
      "         0.        ,  0.        ,  0.        ,  0.        ,  0.        ],\n",
      "       [ 0.        ,  0.        ,  0.        ,  0.        ,  0.        ,\n",
      "         0.        ,  0.        ,  0.        ,  0.        ,  0.        ],\n",
      "       [ 0.        ,  0.        ,  0.        ,  0.        ,  0.        ,\n",
      "         0.        ,  0.        ,  0.        ,  0.        ,  0.        ],\n",
      "       [ 0.        ,  0.        ,  0.        ,  0.        ,  0.        ,\n",
      "         0.        ,  0.        ,  0.        ,  0.        ,  0.        ]])}\n"
     ]
    }
   ],
   "source": [
    "ret1 = cost_function_1(S)\n",
    "print(ret1)"
   ]
  },
  {
   "cell_type": "code",
   "execution_count": 4,
   "id": "145957cf-5171-40a8-af01-3570ba0e4025",
   "metadata": {},
   "outputs": [],
   "source": [
    "# ret2 = actuator_selection_cost_1"
   ]
  }
 ],
 "metadata": {
  "kernelspec": {
   "display_name": "Python 3",
   "language": "python",
   "name": "python3"
  },
  "language_info": {
   "codemirror_mode": {
    "name": "ipython",
    "version": 3
   },
   "file_extension": ".py",
   "mimetype": "text/x-python",
   "name": "python",
   "nbconvert_exporter": "python",
   "pygments_lexer": "ipython3",
   "version": "3.9.6"
  }
 },
 "nbformat": 4,
 "nbformat_minor": 5
}
